1
3
5
7
9
12
13
15
16
17
18
19
20
21
22
23
25
28
30
31
33
35
36
38
40
42
44
45
47
48
50
51
53
54
56
58
60
64
66
67
68
70
73
75
77
79
82
83
85
87
89
92
100
104
106
108
110
111
112
113
116
142
143
144
145
147
149
151
153
155
157
158
159
431
162
164
166
167
169
172
173
175
177
179
180
182
184
185
390
186
188
189
192
194
197
198
200
203
209
210
212
214
1545
216
217
218
219
221
222
223
224
225
226
228
230
391
237
248
249
250
251
253
254
256
258
259
261
262
264
266
269
270
273
274
276
278
279
280
282
284
1625
288
291
293
294
296
297
298
301
303
304
306
308
311
312
313
314
1599
316
318
320
321
323
325
328
330
331
335
339
340
342
343
345
347
349
351
352
354
356
358
359
361
364
366
367
369
371
374
376
377
379
381
384
386
387
388
392
393
394
395
397
401
403
404
406
407
410
411
413
416
417
419
421
424
425
428
430
432
434
435
436
437
439
441
442
444
447
448
450
452
463
465
467
468
472
474
475
478
480
482
484
486
489
491
492
494
497
499
500
502
504
506
508
509
510
511
513
515
517
519
522
524
526
527
529
531
533
535
537
539
541
542
544
545
547
551
553
554
556
557
559
561
563
565
568
569
570
571
572
577
579
581
584
586
588
589
591
593
595
597
599
601
602
603
605
607
610
611
613
615
617
619
622
623
625
627
629
632
634
636
638
640
643
645
646
648
650
653
654
656
657
659
661
663
665
666
671
674
677
678
680
681
683
684
686
688
690
692
693
694
696
697
699
701
703
705
706
708
709
710
712
714
716
718
721
722
724
726
728
730
731
732
734
736
738
740
743
745
746
748
750
753
755
756
758
761
762
764
765
769
772
773
774
776
1600
777
779
782
783
785
787
788
790
792
793
794
797
798
806
823
824
830
837
843
861
864
865
877
878
879
883
884
887
889
891
894
895
896
899
900
901
903
906
907
909
910
911
912
914
916
918
920
922
924
926
928
931
933
935
936
938
940
942
943
946
947
949
950
953
956
958
960
962
965
966
969
971
972
974
975
976
978
981
982
984
985
988
989
991
994
995
997
1001
1002
1006
1009
1010
1013
1014
1019
1020
1021
1022
1023
1025
1026
1027
1028
1029
1030
1031
1032
1034
1039
1043
1044
1045
1046
1049
1050
1052
1053
1056
1058
1061
1062
1065
1066
1068
1070
1072
1076
1079
1080
1083
1084
1086
1087
1092
1095
1097
1098
1101
1103
1104
1106
1107
1109
1111
1112
1113
1115
1116
1117
1119
1120
1121
1123
1126
1127
1129
1130
1131
1132
1133
1134
1136
1137
1139
1142
1143
1144
1148
1149
1150
1153
1155
1156
1157
1162
1163
1165
1167
1169
1170
1171
1172
1173
1174
1175
1178
1179
1182
1183
1187
1188
1190
1191
1193
1196
1197
1199
1201
1203
1206
1214
1215
1218
1219
1221
1224
1226
1228
1229
1231
1232
1234
1236
1237
1238
1241
1242
1245
1247
1248
1249
1250
1252
1253
1254
1255
1260
1262
1264
1266
1268
1270
1271
1272
1273
1277
1278
1279
1282
1283
1284
1288
1290
1294
1295
1296
1301
1304
1305
1306
1310
1311
1312
1315
1319
1320
1322
1323
1324
1328
1329
1331
1332
1335
1337
1338
1341
1342
1343
1344
1349
1351
1352
1354
1355
1356
1357
1361
1363
1367
1368
1369
1371
1372
1376
1378
1379
1381
1383
1384
1386
1387
1389
1391
1393
1395
1396
1397
1400
1401
1403
1404
1406
1407
1409
1411
1414
1416
1418
1420
1422
1424
1425
1428
1429
1430
1433
1435
1438
1439
1443
1444
1447
1448
1450
1453
1455
1459
1460
1462
1464
1467
1469
1472
1480
1482
1484
1486
1487
1490
1491
1493
1495
1498
1499
1500
1502
1504
1506
1507
1509
1512
1514
1517
1519
1520
1521
1523
1525
1528
1531
1533
1534
1536
1537
1541
1542
1543
1546
1551
1552
1553
1555
1557
1558
1559
1562
1564
1568
1569
1570
1571
1573
1575
1578
1580
1581
1585
1587
1588
1591
1592
1597
1598
1603
1607
1608
1609
1611
1613
1616
1617
1618
1619
1622
1624
1626
1630
1631
1633
1634
1635
1636
1640
1641
1643
1644
1645
1648
1649
1650
1653
1654
1655
1656
1657
1661
1664
1666
1668
1669
1670
1672
1675
1677
1679
1680
1682
1684
1686
1688
1690
1692
1694
1696
1698
1701
1702
1703
1705
1707
1709
1712
1714
1716
1717
1718
1721
1722
1725
1727
1728
1730
1731
1733
1734
1735
1736
1741
1742
1743
1744
1749
1750
1752
1754
1756
1758
1760
1762
1763
1764
1765
1766
1768
1769
1771
1773
1775
1780
1785
1787
1791
1793
1798
1800
1802
1804
1805
1808
1809
1810
1812
1813
1814
1815
1817
1818
1819
1821
1823
1825
1827
1829
1831
1833
1835
1837
1840
1841
1843
1844
1846
1849
1851
1852
1853
1855
1857
1860
1862
1863
1865
1866
1868
1870
1873
1875
1878
1880
1881
1883
1886
1887
1889
1891
1892
1895
1896
1897
1899
1901
1904
1905
1907
1909
1911
1914
1916
1918
1919
1921
1923
1925
1927
1929
1931
1933
1934
1936
1938
1939
1942
1943
1945
1947
1950
1951
1952
1953
1955
1957
1959
1962
1963
1965
1966
1969
1971
1972
1975
1976
1979
1980
1982
1983
1985
1987
1989
1992
1994
1995
1996
1998
2000
2002
2005
2009
2011
2012
2014
2017
2019
2021
2023
2024
2026
2028
2030
2033
2035
2037
2039
2042
2043
2044
2046
2048
2050
2053
2054
2056
2059
2060
2063
2064
2067
2068
2069
2071
2074
2076
2079
2080
2082
2083
2086
2087
2091
2092
2093
2095
2097
2100
2101
2103
2105
2107
2109
2111
2114
2116
2118
2119
2120
2121
2122
2123
2127
2131
2134
2139
2143
2150
2152
2154
2157
2158
2160
2162
2164
2166
2169
2171
2172
2173
2175
2177
2180
2182
2183
2185
2187
2190
2191
2192
2194
2197
2198
2200
2202
2205
2206
2210
2212
2213
2214
2215
2216
2217
2218
2220
2221
2222
2224
2226
2227
2231
2232
2235
2236
2239
2240
2243
2245
2246
2248
